ISA Gate 1 benchmark current snapshot

Issue: #479
Recorded at: 2026-08-09T13:28:45Z
Commit: f3aa3859 (dirty)
Host: Linux 7.1.6-zen1-1-zen x86_64 GNU/Linux
CPU: AMD Ryzen 9 9950X3D 16-Core Processor
Rust: rustc 1.94.1 (e408947bf 2026-03-25)
Cargo: cargo 1.94.1 (29ea6fb6a 2026-03-24)
Candidate dependency: rvsim 0.2.2 default-features=false
Command: cargo run --locked --release --example isa_gate1_benchmarks -- 100000 9

Gate 1 timing and resource report
warm_samples	9
workload	candidate	iterations	checksum	cold_ns	warm_median_ns	warm_p95_ns	nanos_per_iteration	retired	fetch_bytes	data_read_bytes	data_written_bytes	mmio_reads	mmio_writes	cpu_state_bytes	translation_bytes	steady_allocations	steady_allocated_bytes
compute32	k16	100000	1020712055	45941231	45755315	45958241	457.553	1900011	7200052	0	0	0	0	192	0	0	0
compute32	k16-cached	100000	1020712055	26287127	26288238	26338677	262.882	1900011	0	0	0	0	0	192	1232	0	0
compute32	k16-f32	100000	1020712055	8735136	8740517	8820895	87.405	1900017	7600068	0	0	0	0	76	0	0	0
compute32	rvsim-rv32im	100000	1020712055	9960576	9943116	9956845	99.431	1800016	7200064	0	0	0	0	144	0	0	0
compute32	rv32im	100000	1020712055	22621953	22516735	22711341	225.167	1800016	7200064	0	0	0	0	140	0	0	0
compute32	rv32im-predecoded	100000	1020712055	6124132	6905669	7056966	69.057	1800016	0	0	0	0	0	140	2048	0	0
branch-mix	k16	100000	200000	17078600	16836395	16894924	168.364	750009	2300028	0	0	0	0	192	0	0	0
branch-mix	k16-cached	100000	200000	11179704	11153554	11214223	111.536	750009	0	0	0	0	0	192	1232	0	0
branch-mix	k16-f32	100000	200000	3326592	3349661	3353841	33.497	750013	3000052	0	0	0	0	76	0	0	0
branch-mix	rvsim-rv32im	100000	200000	3191974	3215344	3241494	32.153	650008	2600032	0	0	0	0	144	0	0	0
branch-mix	rv32im	100000	200000	7724224	7629126	7670686	76.291	650008	2600032	0	0	0	0	140	0	0	0
branch-mix	rv32im-predecoded	100000	200000	2135262	2187422	2190752	21.874	650008	0	0	0	0	0	140	512	0	0
call-stack	k16	100000	705282704	26927667	26860500	26896469	268.605	1100010	3200042	800000	800000	0	0	192	0	0	0
call-stack	k16-cached	100000	705282704	19727785	19819213	19886532	198.192	1100010	0	800000	800000	0	0	192	1232	0	0
call-stack	k16-f32	100000	705282704	6394348	6417997	6431487	64.180	1100011	4400044	800000	800000	0	0	76	0	0	0
call-stack	rvsim-rv32im	100000	705282704	7721725	7750664	7926551	77.507	1400010	5600040	400000	400000	0	0	144	0	0	0
call-stack	rv32im	100000	705282704	17717360	17591062	17605232	175.911	1400010	5600040	400000	400000	0	0	140	0	0	0
call-stack	rv32im-predecoded	100000	705282704	5441244	5489544	5508103	54.895	1400010	0	400000	400000	0	0	140	1024	0	0
memory-sequential	k16	100000	705082704	26210111	26135593	26219341	261.356	1100530	3601732	400256	400000	0	0	192	0	0	0
memory-sequential	k16-cached	100000	705082704	16677269	16648579	16694239	166.486	1100530	0	400256	400000	0	0	192	2464	0	0
memory-sequential	k16-f32	100000	705082704	5371967	5384527	5393836	53.845	1100536	4402144	400256	400000	0	0	76	0	0	0
memory-sequential	rvsim-rv32im	100000	705082704	5827829	5820419	5830958	58.204	1000468	4001872	400256	400000	0	0	144	0	0	0
memory-sequential	rv32im	100000	705082704	12796357	12679469	12717688	126.795	1000468	4001872	400256	400000	0	0	140	0	0	0
memory-sequential	rv32im-predecoded	100000	705082704	3676046	3738775	4022200	37.388	1000468	0	400256	400000	0	0	140	2048	0	0
memory-random	k16	100000	705082704	31284104	31002199	31039438	310.022	1300532	4401744	400256	400000	0	0	192	0	0	0
memory-random	k16-cached	100000	705082704	20165608	19424321	19459151	194.243	1300532	0	400256	400000	0	0	192	2464	0	0
memory-random	k16-f32	100000	705082704	6278361	6310050	6314000	63.100	1300540	5202160	400256	400000	0	0	76	0	0	0
memory-random	rvsim-rv32im	100000	705082704	6941209	6933659	7020348	69.337	1200472	4801888	400256	400000	0	0	144	0	0	0
memory-random	rv32im	100000	705082704	15326503	15159096	15174515	151.591	1200472	4801888	400256	400000	0	0	140	0	0	0
memory-random	rv32im-predecoded	100000	705082704	4453042	4555240	4658189	45.552	1200472	0	400256	400000	0	0	140	2048	0	0
copy-checksum	k16	100000	3350945792	5987630339	5944889878	6016593173	59448.899	256800012	821400054	25600000	25600000	0	0	192	0	0	0
copy-checksum	k16-cached	100000	3350945792	3905311753	3934081333	4046528739	39340.813	256800012	0	25600000	25600000	0	0	192	1232	0	0
copy-checksum	k16-f32	100000	3350945792	1261155730	1261725500	1266528120	12617.255	256900015	1027600060	25600000	25600000	0	0	76	0	0	0
copy-checksum	rvsim-rv32im	100000	3350945792	1342742031	1346301967	1349991412	13463.020	231100014	924400056	25600000	25600000	0	0	144	0	0	0
copy-checksum	rv32im	100000	3350945792	2920603830	2918057027	2922984432	29180.570	231100014	924400056	25600000	25600000	0	0	140	0	0	0
copy-checksum	rv32im-predecoded	100000	3350945792	859038348	859569395	859850383	8595.694	231100014	0	25600000	25600000	0	0	140	1024	0	0
mmio-control	k16	100000	704982704	17230539	17153970	17194701	171.540	700008	2000030	0	0	100000	100000	192	0	0	0
mmio-control	k16-cached	100000	704982704	13521481	14069195	14164723	140.692	700008	0	0	0	100000	100000	192	616	0	0
mmio-control	k16-f32	100000	704982704	4116425	4132604	4141464	41.326	700011	2800044	0	0	100000	100000	76	0	0	0
mmio-control	rvsim-rv32im	100000	704982704	4279353	4324563	4345882	43.246	600010	2400040	0	0	100000	100000	144	0	0	0
mmio-control	rv32im	100000	704982704	8356417	8256559	8278249	82.566	600010	2400040	0	0	100000	100000	140	0	0	0
mmio-control	rv32im-predecoded	100000	704982704	2617941	2672680	2680911	26.727	600010	0	0	0	100000	100000	140	512	0	0
yield-wake	k16	100000	100000	12968017	12887288	12922147	128.873	600007	1800024	0	0	0	0	192	0	0	0
yield-wake	k16-cached	100000	100000	8302878	8315078	8351688	83.151	600007	0	0	0	0	0	192	616	0	0
yield-wake	k16-f32	100000	100000	2618151	2642801	2646401	26.428	600009	2400036	0	0	0	0	76	0	0	0
yield-wake	rvsim-rv32im	100000	100000	2448163	2446353	2454183	24.464	500008	2000032	0	0	0	0	144	0	0	0
yield-wake	rv32im	100000	100000	5499409	5438130	5491010	54.381	500008	2000032	0	0	0	0	140	0	0	0
yield-wake	rv32im-predecoded	100000	100000	1491534	1536353	1544263	15.364	500008	0	0	0	0	0	140	512	0	0
packet-ring	k16	100000	203995648	551325094	557885874	558605620	5578.859	23200015	79000068	1600000	1600000	0	0	192	0	0	0
packet-ring	k16-cached	100000	203995648	367580777	343723469	368715340	3437.235	23200015	0	1600000	1600000	0	0	192	2464	0	0
packet-ring	k16-f32	100000	203995648	113696562	113850791	114062469	1138.508	23300021	93200084	1600000	1600000	0	0	76	0	0	0
packet-ring	rvsim-rv32im	100000	203995648	126239303	126351125	126496550	1263.511	21500016	86000064	1600000	1600000	0	0	144	0	0	0
packet-ring	rv32im	100000	203995648	267134878	266961328	267124216	2669.613	21500016	86000064	1600000	1600000	0	0	140	0	0	0
packet-ring	rv32im-predecoded	100000	203995648	75006550	76188047	82017455	761.880	21500016	0	1600000	1600000	0	0	140	2048	0	0

Gate 1 recommendation
candidate	normalized_geomean	decision
k16	6.830590	reject
k16-cached	4.517001	advance
k16-f32	1.438499	advance
rvsim-rv32im	1.535272	reject
rv32im	3.352498	reject
rv32im-predecoded	1.000000	advance
