RV32 decoder benchmark baseline
captured_at_date	2026-08-11
source_commit	ffae3f1a6bc69dc59b07f83a2259641669c92cc0
host	Linux 7.1.6-zen1-1-zen x86_64
rustc	rustc 1.94.1 (e408947bf 2026-03-25)
rustc_commit_hash	e408947bfd200af42db322daf0fadfe7e26d3bd1
rustc_commit_date	2026-03-25
rustc_host	x86_64-unknown-linux-gnu
rustc_llvm	21.1.8
cargo	cargo 1.94.1 (29ea6fb6a 2026-03-24)
command	cargo run --manifest-path host/compukter-vm/Cargo.toml --release --example rv32_decoder_benchmarks -- 1000 7

RV32 decoder timing and resource report
warm_samples	7
workload	candidate	iterations	checksum	cold_ns	warm_median_ns	warm_p95_ns	nanos_per_iteration	retired	fetch_bytes	data_read_bytes	data_written_bytes	mmio_reads	mmio_writes	cpu_state_bytes	translation_bytes	steady_allocations	steady_allocated_bytes	vs_native
compute32	rv32-direct	1000	1133597426	217500	218380	229609	218.380	18016	72064	0	0	0	0	144	0	0	0	81.790262
compute32	rv32-cached	1000	1133597426	186459	184930	197310	184.930	18016	0	0	0	0	0	144	2016	0	0	69.262172
compute32	rv32-predecoded	1000	1133597426	76780	86259	88840	86.259	18016	0	0	0	0	0	144	2048	0	0	32.306742
compute32	native-rust	1000	1133597426	2760	2670	2690	2.670	0	0	0	0	0	0	0	0	0	0	1.000000
branch-mix	rv32-direct	1000	2000	76440	76470	84099	76.470	6508	26032	0	0	0	0	144	0	0	0	477.937500
branch-mix	rv32-cached	1000	2000	61770	59050	61530	59.050	6508	0	0	0	0	0	144	1008	0	0	369.062500
branch-mix	rv32-predecoded	1000	2000	22640	21820	22650	21.820	6508	0	0	0	0	0	144	512	0	0	136.375000
branch-mix	native-rust	1000	2000	190	160	270	0.160	0	0	0	0	0	0	0	0	0	0	1.000000
call-stack	rv32-direct	1000	502500	175079	172330	174920	172.330	14010	56040	4000	4000	0	0	144	0	0	0	60.466667
call-stack	rv32-cached	1000	502500	143870	139900	172099	139.900	14010	0	4000	4000	0	0	144	1008	0	0	49.087719
call-stack	rv32-predecoded	1000	502500	59040	51060	54590	51.060	14010	0	4000	4000	0	0	144	1024	0	0	17.915789
call-stack	native-rust	1000	502500	2960	2850	2910	2.850	0	0	0	0	0	0	0	0	0	0	1.000000
memory-sequential	rv32-direct	1000	500500	129060	128949	129199	128.949	10468	41872	4256	4000	0	0	144	0	0	0	268.643750
memory-sequential	rv32-cached	1000	500500	105710	95430	97390	95.430	10468	0	4256	4000	0	0	144	2016	0	0	198.812500
memory-sequential	rv32-predecoded	1000	500500	40390	39360	41860	39.360	10468	0	4256	4000	0	0	144	2048	0	0	82.000000
memory-sequential	native-rust	1000	500500	510	480	490	0.480	0	0	0	0	0	0	0	0	0	0	1.000000
memory-random	rv32-direct	1000	500500	155020	155140	156400	155.140	12472	49888	4256	4000	0	0	144	0	0	0	165.042553
memory-random	rv32-cached	1000	500500	116260	113550	120870	113.550	12472	0	4256	4000	0	0	144	2016	0	0	120.797872
memory-random	rv32-predecoded	1000	500500	46620	45480	57410	45.480	12472	0	4256	4000	0	0	144	2048	0	0	48.382979
memory-random	native-rust	1000	500500	950	940	1020	0.940	0	0	0	0	0	0	0	0	0	0	1.000000
copy-checksum	rv32-direct	1000	160512000	29281506	29419035	30140134	29419.035	2311014	9244056	256000	256000	0	0	144	0	0	0	1560.691512
copy-checksum	rv32-cached	1000	160512000	21603912	21689782	22026271	21689.782	2311014	0	256000	256000	0	0	144	1008	0	0	1150.651565
copy-checksum	rv32-predecoded	1000	160512000	8682181	8853601	8971670	8853.601	2311014	0	256000	256000	0	0	144	1024	0	0	469.687056
copy-checksum	native-rust	1000	160512000	22619	18850	19310	18.850	0	0	0	0	0	0	0	0	0	0	1.000000
mmio-control	rv32-direct	1000	499500	80130	79800	80730	79.800	6010	24040	0	0	1000	1000	144	0	0	0	257.419355
mmio-control	rv32-cached	1000	499500	64390	64840	66590	64.840	6010	0	0	0	1000	1000	144	1008	0	0	209.161290
mmio-control	rv32-predecoded	1000	499500	27240	26379	26790	26.379	6010	0	0	0	1000	1000	144	512	0	0	85.093548
mmio-control	native-rust	1000	499500	380	310	320	0.310	0	0	0	0	0	0	0	0	0	0	1.000000
yield-wake	rv32-direct	1000	1000	56280	55960	58530	55.960	5008	20032	0	0	0	0	144	0	0	0	243.304348
yield-wake	rv32-cached	1000	1000	51150	45720	45850	45.720	5008	0	0	0	0	0	144	504	0	0	198.782609
yield-wake	rv32-predecoded	1000	1000	15920	15220	15250	15.220	5008	0	0	0	0	0	144	512	0	0	66.173913
yield-wake	native-rust	1000	1000	330	230	250	0.230	0	0	0	0	0	0	0	0	0	0	1.000000
packet-ring	rv32-direct	1000	2033536	2704484	3007454	3043054	3007.454	215016	860064	16000	16000	0	0	144	0	0	0	413.111813
packet-ring	rv32-cached	1000	2033536	1984986	1974965	2035815	1974.965	215016	0	16000	16000	0	0	144	2016	0	0	271.286401
packet-ring	rv32-predecoded	1000	2033536	731618	734188	753319	734.188	215016	0	16000	16000	0	0	144	2048	0	0	100.850000
packet-ring	native-rust	1000	2033536	6850	7280	7310	7.280	0	0	0	0	0	0	0	0	0	0	1.000000

RV32 decoder summary
candidate	host_overhead_geomean
rv32-direct	252.899851
rv32-cached	194.103654
rv32-predecoded	75.893442
native-rust	1.000000
