RV32 decoder benchmark after RV32A and Zifencei
captured_at_date	2026-08-11
source_commit	e198f71918a4ffa9f8694e6550845925a27bc4f0
host	Linux 7.1.6-zen1-1-zen x86_64
rustc	rustc 1.94.1 (e408947bf 2026-03-25)
rustc_commit_hash	e408947bfd200af42db322daf0fadfe7e26d3bd1
rustc_commit_date	2026-03-25
rustc_host	x86_64-unknown-linux-gnu
rustc_llvm	21.1.8
cargo	cargo 1.94.1 (29ea6fb6a 2026-03-24)
command	cargo run --manifest-path host/compukter-vm/Cargo.toml --release --example rv32_decoder_benchmarks -- 1000 7

RV32 decoder timing and resource report
warm_samples	7
workload	candidate	iterations	checksum	cold_ns	warm_median_ns	warm_p95_ns	nanos_per_iteration	retired	fetch_bytes	data_read_bytes	data_written_bytes	mmio_reads	mmio_writes	cpu_state_bytes	translation_bytes	steady_allocations	steady_allocated_bytes	vs_native
compute32	rv32-direct	1000	1133597426	238229	236229	237119	236.229	18016	72064	0	0	0	0	152	0	0	0	86.530769
compute32	rv32-cached	1000	1133597426	193350	190859	192859	190.859	18016	0	0	0	0	0	152	2016	0	0	69.911722
compute32	rv32-predecoded	1000	1133597426	83989	82530	84660	82.530	18016	0	0	0	0	0	152	2048	0	0	30.230769
compute32	native-rust	1000	1133597426	2840	2730	2730	2.730	0	0	0	0	0	0	0	0	0	0	1.000000
branch-mix	rv32-direct	1000	2000	79309	78850	78940	78.850	6508	26032	0	0	0	0	152	0	0	0	492.812500
branch-mix	rv32-cached	1000	2000	63430	60760	62430	60.760	6508	0	0	0	0	0	152	1008	0	0	379.750000
branch-mix	rv32-predecoded	1000	2000	22910	22520	22640	22.520	6508	0	0	0	0	0	152	512	0	0	140.750000
branch-mix	native-rust	1000	2000	200	160	160	0.160	0	0	0	0	0	0	0	0	0	0	1.000000
call-stack	rv32-direct	1000	502500	180759	193630	193789	193.630	14010	56040	4000	4000	0	0	152	0	0	0	65.860544
call-stack	rv32-cached	1000	502500	149560	147200	147740	147.200	14010	0	4000	4000	0	0	152	1008	0	0	50.068027
call-stack	rv32-predecoded	1000	502500	56050	53300	57629	53.300	14010	0	4000	4000	0	0	152	1024	0	0	18.129252
call-stack	native-rust	1000	502500	2950	2940	2960	2.940	0	0	0	0	0	0	0	0	0	0	1.000000
memory-sequential	rv32-direct	1000	500500	136489	150280	150570	150.280	10468	41872	4256	4000	0	0	152	0	0	0	300.560000
memory-sequential	rv32-cached	1000	500500	108560	104399	109020	104.399	10468	0	4256	4000	0	0	152	2016	0	0	208.798000
memory-sequential	rv32-predecoded	1000	500500	40260	38960	40520	38.960	10468	0	4256	4000	0	0	152	2048	0	0	77.920000
memory-sequential	native-rust	1000	500500	510	500	510	0.500	0	0	0	0	0	0	0	0	0	0	1.000000
memory-random	rv32-direct	1000	500500	162760	162140	175150	162.140	12472	49888	4256	4000	0	0	152	0	0	0	168.895833
memory-random	rv32-cached	1000	500500	123729	122420	126150	122.420	12472	0	4256	4000	0	0	152	2016	0	0	127.520833
memory-random	rv32-predecoded	1000	500500	46700	45540	45669	45.540	12472	0	4256	4000	0	0	152	2048	0	0	47.437500
memory-random	native-rust	1000	500500	980	960	1000	0.960	0	0	0	0	0	0	0	0	0	0	1.000000
copy-checksum	rv32-direct	1000	160512000	29684127	29599057	29698816	29599.057	2311014	9244056	256000	256000	0	0	152	0	0	0	1576.094622
copy-checksum	rv32-cached	1000	160512000	22442923	22589632	22723612	22589.632	2311014	0	256000	256000	0	0	152	1008	0	0	1202.855804
copy-checksum	rv32-predecoded	1000	160512000	8584532	8556872	8654202	8556.872	2311014	0	256000	256000	0	0	152	1024	0	0	455.637487
copy-checksum	native-rust	1000	160512000	20259	18780	19970	18.780	0	0	0	0	0	0	0	0	0	0	1.000000
mmio-control	rv32-direct	1000	499500	82109	81590	81739	81.590	6010	24040	0	0	1000	1000	152	0	0	0	263.193548
mmio-control	rv32-cached	1000	499500	69520	67270	70170	67.270	6010	0	0	0	1000	1000	152	1008	0	0	217.000000
mmio-control	rv32-predecoded	1000	499500	26920	25610	25800	25.610	6010	0	0	0	1000	1000	152	512	0	0	82.612903
mmio-control	native-rust	1000	499500	370	310	340	0.310	0	0	0	0	0	0	0	0	0	0	1.000000
yield-wake	rv32-direct	1000	1000	58320	57940	60030	57.940	5008	20032	0	0	0	0	152	0	0	0	251.913043
yield-wake	rv32-cached	1000	1000	55740	47070	47120	47.070	5008	0	0	0	0	0	152	504	0	0	204.652174
yield-wake	rv32-predecoded	1000	1000	15590	14880	15420	14.880	5008	0	0	0	0	0	152	512	0	0	64.695652
yield-wake	native-rust	1000	1000	300	230	250	0.230	0	0	0	0	0	0	0	0	0	0	1.000000
packet-ring	rv32-direct	1000	2033536	2757134	2763024	2776954	2763.024	215016	860064	16000	16000	0	0	152	0	0	0	379.536264
packet-ring	rv32-cached	1000	2033536	2067336	2242656	2256926	2242.656	215016	0	16000	16000	0	0	152	2016	0	0	308.057143
packet-ring	rv32-predecoded	1000	2033536	765628	763668	766309	763.668	215016	0	16000	16000	0	0	152	2048	0	0	104.899451
packet-ring	native-rust	1000	2033536	6850	7280	7310	7.280	0	0	0	0	0	0	0	0	0	0	1.000000

RV32 decoder summary
candidate	host_overhead_geomean
rv32-direct	261.175317
rv32-cached	202.884337
rv32-predecoded	74.747382
native-rust	1.000000

Comparison with rv32-decoder-baseline-2026-08-11.txt
candidate	baseline_geomean	post_rv32a_geomean	change_percent
rv32-direct	252.899851	261.175317	+3.272230
rv32-cached	194.103654	202.884337	+4.523708
rv32-predecoded	75.893442	74.747382	-1.510091
native-rust	1.000000	1.000000	0.000000

Resource comparison
metric	baseline	post_rv32a	change
cpu_state_bytes	144	152	+8
translation_bytes	unchanged per workload	unchanged per workload	0
steady_allocations	0 in every workload	0 in every workload	0
steady_allocated_bytes	0 in every workload	0 in every workload	0
